0 1 2
0 2 3
1 4 5
1 5 2
3 2 6
3 6 7
2 5 8
2 8 6
4 9 10
4 10 5
9 11 12
9 12 10
5 10 13
5 13 8
10 12 14
10 14 13
7 6 15
7 15 16
6 8 17
6 17 15
16 15 18
16 18 19
15 17 20
15 20 18
11 21 22
11 22 12
21 23 24
21 24 22
12 22 25
12 25 14
22 24 26
22 26 25
8 13 27
8 27 17
13 14 28
13 28 27
17 27 29
17 29 20
27 28 30
27 30 29
19 18 31
19 31 32
18 20 33
18 33 31
32 31 34
32 34 35
31 33 36
31 36 34
23 37 38
23 38 24
37 39 40
37 40 38
24 38 41
24 41 26
38 40 42
38 42 41
14 25 43
14 43 28
25 26 44
25 44 43
28 43 45
28 45 30
43 44 46
43 46 45
20 29 47
20 47 33
29 30 48
29 48 47
33 47 49
33 49 36
47 48 50
47 50 49
35 34 51
35 51 52
34 36 53
34 53 51
52 51 54
52 54 55
51 53 56
51 56 54
57 58 59
58 60 59
58 61 60
61 62 60
59 60 39
60 40 39
60 62 40
62 42 40
26 41 63
26 63 44
41 42 64
41 64 63
44 63 65
44 65 46
63 64 66
63 66 65
30 45 67
30 67 48
45 46 68
45 68 67
48 67 69
48 69 50
67 68 70
67 70 69
36 49 71
36 71 53
49 50 72
49 72 71
53 71 73
53 73 56
71 72 74
71 74 73
55 54 75
55 75 76
54 56 77
54 77 75
76 75 78
76 78 79
75 77 80
75 80 78
81 82 83
82 84 83
82 85 84
85 86 84
83 84 57
84 58 57
84 86 58
86 61 58
61 87 62
87 88 62
87 89 88
89 90 88
62 88 42
88 64 42
88 90 64
90 66 64
46 65 91
46 91 68
65 66 92
65 92 91
68 91 93
68 93 70
91 92 94
91 94 93
50 69 95
50 95 72
69 70 96
69 96 95
72 95 97
72 97 74
95 96 98
95 98 97
56 73 99
56 99 77
73 74 100
73 100 99
77 99 101
77 101 80
99 100 102
99 102 101
79 78 103
79 103 104
78 80 105
78 105 103
104 103 106
104 106 107
103 105 108
103 108 106
109 110 111
110 112 111
110 113 112
113 114 112
111 112 81
112 82 81
112 114 82
114 85 82
85 115 86
115 116 86
115 117 116
117 118 116
86 116 61
116 87 61
116 118 87
118 89 87
89 119 90
119 120 90
119 121 120
121 122 120
90 120 66
120 92 66
120 122 92
122 94 92
70 93 123
70 123 96
93 94 124
93 124 123
96 123 125
96 125 98
123 124 126
123 126 125
74 97 127
74 127 100
97 98 128
97 128 127
100 127 129
100 129 102
127 128 130
127 130 129
80 101 131
80 131 105
101 102 132
101 132 131
105 131 133
105 133 108
131 132 134
131 134 133
107 106 135
107 135 136
106 108 137
106 137 135
136 135 138
136 138 139
135 137 140
135 140 138
141 142 143
142 144 143
142 145 144
145 146 144
143 144 109
144 110 109
144 146 110
146 113 110
113 147 114
147 148 114
147 149 148
149 150 148
114 148 85
148 115 85
148 150 115
150 117 115
117 151 118
151 152 118
151 153 152
153 154 152
118 152 89
152 119 89
152 154 119
154 121 119
121 155 122
155 156 122
155 157 156
157 158 156
122 156 94
156 124 94
156 158 124
158 126 124
98 125 159
98 159 128
125 126 160
125 160 159
128 159 161
128 161 130
159 160 162
159 162 161
102 129 163
102 163 132
129 130 164
129 164 163
132 163 165
132 165 134
163 164 166
163 166 165
108 133 167
108 167 137
133 134 168
133 168 167
137 167 169
137 169 140
167 168 170
167 170 169
139 138 171
139 171 172
138 140 173
138 173 171
172 171 174
172 174 175
171 173 176
171 176 174
145 177 146
177 178 146
177 179 178
179 180 178
146 178 113
178 147 113
178 180 147
180 149 147
149 181 150
181 182 150
181 183 182
183 184 182
150 182 117
182 151 117
182 184 151
184 153 151
153 185 154
185 186 154
185 187 186
187 188 186
154 186 121
186 155 121
186 188 155
188 157 155
157 189 158
189 190 158
189 191 190
191 192 190
158 190 126
190 160 126
190 192 160
192 162 160
130 161 193
130 193 164
161 162 194
161 194 193
164 193 195
164 195 166
193 194 196
193 196 195
134 165 197
134 197 168
165 166 198
165 198 197
168 197 199
168 199 170
197 198 200
197 200 199
140 169 201
140 201 173
169 170 202
169 202 201
173 201 203
173 203 176
201 202 204
201 204 203
175 174 205
175 205 206
174 176 207
174 207 205
206 205 208
206 208 209
205 207 210
205 210 208
209 208 211
209 211 212
208 210 213
208 213 211
212 211 214
212 214 215
211 213 216
211 216 214
179 217 180
217 218 180
217 219 218
219 220 218
180 218 149
218 181 149
218 220 181
220 183 181
183 221 184
221 222 184
221 223 222
223 224 222
184 222 153
222 185 153
222 224 185
224 187 185
187 225 188
225 226 188
225 227 226
227 228 226
188 226 157
226 189 157
226 228 189
228 191 189
191 229 192
229 230 192
229 231 230
231 232 230
192 230 162
230 194 162
230 232 194
232 196 194
166 195 233
166 233 198
195 196 234
195 234 233
198 233 235
198 235 200
233 234 236
233 236 235
170 199 237
170 237 202
199 200 238
199 238 237
202 237 239
202 239 204
237 238 240
237 240 239
176 203 241
176 241 207
203 204 242
203 242 241
207 241 243
207 243 210
241 242 244
241 244 243
215 214 245
215 245 246
214 216 247
214 247 245
246 245 248
246 248 249
245 247 250
245 250 248
210 243 251
210 251 213
243 244 252
243 252 251
213 251 253
213 253 216
251 252 254
251 254 253
219 255 220
255 256 220
255 257 256
257 258 256
220 256 183
256 221 183
256 258 221
258 223 221
223 259 224
259 260 224
259 261 260
261 262 260
224 260 187
260 225 187
260 262 225
262 227 225
227 263 228
263 264 228
263 265 264
265 266 264
228 264 191
264 229 191
264 266 229
266 231 229
231 267 232
267 268 232
267 269 268
269 270 268
232 268 196
268 234 196
268 270 234
270 236 234
200 235 271
200 271 238
235 236 272
235 272 271
238 271 273
238 273 240
271 272 274
271 274 273
204 239 275
204 275 242
239 240 276
239 276 275
242 275 277
242 277 244
275 276 278
275 278 277
249 248 279
249 279 280
248 250 281
248 281 279
280 279 282
280 282 283
279 281 284
279 284 282
216 253 285
216 285 247
253 254 286
253 286 285
247 285 287
247 287 250
285 286 288
285 288 287
244 277 289
244 289 252
277 278 290
277 290 289
252 289 291
252 291 254
289 290 292
289 292 291
257 293 258
293 294 258
293 295 294
295 296 294
258 294 223
294 259 223
294 296 259
296 261 259
261 297 262
297 298 262
297 299 298
299 300 298
262 298 227
298 263 227
298 300 263
300 265 263
265 301 266
301 302 266
301 303 302
303 304 302
266 302 231
302 267 231
302 304 267
304 269 267
269 305 270
305 306 270
305 307 306
307 308 306
270 306 236
306 272 236
306 308 272
308 274 272
240 273 309
240 309 276
273 274 310
273 310 309
276 309 311
276 311 278
309 310 312
309 312 311
283 282 313
283 313 314
282 284 315
282 315 313
314 313 316
314 316 317
313 315 318
313 318 316
250 287 319
250 319 281
287 288 320
287 320 319
281 319 321
281 321 284
319 320 322
319 322 321
254 291 323
254 323 286
291 292 324
291 324 323
286 323 325
286 325 288
323 324 326
323 326 325
278 311 327
278 327 290
311 312 328
311 328 327
290 327 329
290 329 292
327 328 330
327 330 329
295 331 296
331 332 296
331 333 332
333 334 332
296 332 261
332 297 261
332 334 297
334 299 297
299 335 300
335 336 300
335 337 336
337 338 336
300 336 265
336 301 265
336 338 301
338 303 301
303 339 304
339 340 304
339 341 340
341 342 340
304 340 269
340 305 269
340 342 305
342 307 305
307 343 308
343 344 308
343 345 344
345 346 344
308 344 274
344 310 274
344 346 310
346 312 310
317 316 347
317 347 348
316 318 349
316 349 347
348 347 350
348 350 351
347 349 352
347 352 350
284 321 353
284 353 315
321 322 354
321 354 353
315 353 355
315 355 318
353 354 356
353 356 355
288 325 357
288 357 320
325 326 358
325 358 357
320 357 359
320 359 322
357 358 360
357 360 359
292 329 361
292 361 324
329 330 362
329 362 361
324 361 363
324 363 326
361 362 364
361 364 363
345 365 346
365 366 346
365 367 366
367 368 366
346 366 312
366 328 312
366 368 328
368 330 328
333 369 334
369 370 334
369 371 370
371 372 370
334 370 299
370 335 299
370 372 335
372 337 335
337 373 338
373 374 338
373 375 374
375 376 374
338 374 303
374 339 303
374 376 339
376 341 339
341 377 342
377 378 342
377 379 378
379 380 378
342 378 307
378 343 307
378 380 343
380 345 343
351 350 381
351 381 382
350 352 383
350 383 381
382 381 384
382 384 385
381 383 386
381 386 384
318 355 387
318 387 349
355 356 388
355 388 387
349 387 389
349 389 352
387 388 390
387 390 389
322 359 391
322 391 354
359 360 392
359 392 391
354 391 393
354 393 356
391 392 394
391 394 393
326 363 395
326 395 358
363 364 396
363 396 395
358 395 397
358 397 360
395 396 398
395 398 397
367 399 368
399 400 368
399 401 400
401 402 400
368 400 330
400 362 330
400 402 362
402 364 362
379 403 380
403 404 380
403 405 404
405 406 404
380 404 345
404 365 345
404 406 365
406 367 365
371 407 372
407 408 372
407 409 408
409 410 408
372 408 337
408 373 337
408 410 373
410 375 373
375 411 376
411 412 376
411 413 412
413 414 412
376 412 341
412 377 341
412 414 377
414 379 377
385 384 415
385 415 416
384 386 417
384 417 415
416 415 418
416 418 419
415 417 420
415 420 418
352 389 421
352 421 383
389 390 422
389 422 421
383 421 423
383 423 386
421 422 424
421 424 423
425 426 427
425 427 428
426 390 388
426 388 427
428 427 393
428 393 394
427 388 356
427 356 393
429 430 431
429 431 432
430 394 392
430 392 431
432 431 397
432 397 398
431 392 360
431 360 397
401 433 402
433 434 402
433 435 434
435 436 434
402 434 364
434 396 364
434 436 396
436 398 396
405 437 406
437 438 406
437 439 438
439 440 438
406 438 367
438 399 367
438 440 399
440 401 399
413 441 414
441 442 414
441 443 442
443 444 442
414 442 379
442 403 379
442 444 403
444 405 403
409 445 410
445 446 410
445 447 446
447 448 446
410 446 375
446 411 375
446 448 411
448 413 411
419 418 449
419 449 450
418 420 451
418 451 449
450 449 452
450 452 453
449 451 454
449 454 452
386 423 455
386 455 417
423 424 456
423 456 455
417 455 457
417 457 420
455 456 458
455 458 457
390 426 459
390 459 422
426 425 460
426 460 459
422 459 461
422 461 424
459 460 462
459 462 461
463 464 465
463 465 466
464 425 428
464 428 465
466 465 430
466 430 429
465 428 394
465 394 430
429 432 467
432 468 467
432 398 468
398 436 468
467 468 469
468 470 469
468 436 470
436 435 470
439 471 440
471 472 440
471 473 472
473 474 472
440 472 401
472 433 401
472 474 433
474 435 433
443 475 444
475 476 444
475 477 476
477 478 476
444 476 405
476 437 405
476 478 437
478 439 437
447 479 448
479 480 448
479 481 480
481 482 480
448 480 413
480 441 413
480 482 441
482 443 441
453 452 483
453 483 484
452 454 485
452 485 483
484 483 486
484 486 487
483 485 488
483 488 486
420 457 489
420 489 451
457 458 490
457 490 489
451 489 491
451 491 454
489 490 492
489 492 491
424 461 493
424 493 456
461 462 494
461 494 493
456 493 495
456 495 458
493 494 496
493 496 495
462 460 497
460 498 497
460 425 498
425 464 498
497 498 499
498 500 499
498 464 500
464 463 500
501 502 503
501 503 504
502 463 466
502 466 503
504 503 469
503 467 469
503 466 467
466 429 467
473 505 474
505 506 474
505 507 506
507 508 506
474 506 435
506 470 435
506 508 470
508 469 470
477 509 478
509 510 478
509 511 510
511 512 510
478 510 439
510 471 439
510 512 471
512 473 471
481 513 482
513 514 482
513 515 514
515 516 514
482 514 443
514 475 443
514 516 475
516 477 475
454 491 517
454 517 485
491 492 518
491 518 517
485 517 519
485 519 488
517 518 520
517 520 519
458 495 521
458 521 490
495 496 522
495 522 521
490 521 523
490 523 492
521 522 524
521 524 523
462 497 525
462 525 494
497 499 526
497 526 525
494 525 527
494 527 496
525 526 528
525 528 527
529 530 531
529 531 532
530 499 500
530 500 531
532 531 502
532 502 501
531 500 463
531 463 502
501 504 533
504 534 533
504 469 508
504 508 534
533 534 535
534 536 535
534 508 507
534 507 536
511 537 512
537 538 512
537 539 538
539 540 538
512 538 473
538 505 473
538 540 505
540 507 505
515 541 516
541 542 516
541 543 542
543 544 542
516 542 477
542 509 477
542 544 509
544 511 509
492 523 545
492 545 518
523 524 546
523 546 545
518 545 547
518 547 520
545 546 548
545 548 547
496 527 549
496 549 522
527 528 550
527 550 549
522 549 551
522 551 524
549 550 552
549 552 551
499 530 553
499 553 526
530 529 554
530 554 553
526 553 555
526 555 528
553 554 556
553 556 555
535 557 533
557 558 533
557 559 558
559 560 558
533 558 501
558 532 501
558 560 532
560 529 532
539 561 540
561 562 540
561 563 562
563 564 562
540 562 536
540 536 507
562 564 536
564 535 536
543 565 544
565 566 544
565 567 566
567 568 566
544 566 511
566 537 511
566 568 537
568 539 537
524 551 569
524 569 546
551 552 570
551 570 569
546 569 571
546 571 548
569 570 572
569 572 571
528 555 573
528 573 550
555 556 574
555 574 573
550 573 575
550 575 552
573 574 576
573 576 575
559 577 560
577 578 560
577 579 578
579 580 578
560 578 529
578 554 529
578 580 554
580 556 554
563 581 564
581 582 564
581 583 582
583 584 582
564 582 535
582 557 535
582 584 557
584 559 557
567 585 568
585 586 568
585 587 586
587 588 586
568 586 539
586 561 539
586 588 561
588 563 561
576 589 575
589 590 575
589 591 590
591 592 590
575 590 552
590 570 552
590 592 570
592 572 570
579 593 580
593 594 580
593 595 594
595 596 594
580 594 556
594 574 556
594 596 574
596 576 574
583 597 584
597 598 584
597 599 598
599 600 598
584 598 559
598 577 559
598 600 577
600 579 577
587 601 588
601 602 588
601 603 602
603 604 602
588 602 563
602 581 563
602 604 581
604 583 581
595 605 596
605 606 596
605 607 606
607 608 606
596 606 576
606 589 576
606 608 589
608 591 589
599 609 600
609 610 600
609 611 610
611 612 610
600 610 579
610 593 579
610 612 593
612 595 593
603 613 604
613 614 604
613 615 614
615 616 614
604 614 583
614 597 583
614 616 597
616 599 597
611 617 612
617 618 612
617 619 618
619 620 618
612 618 595
618 605 595
618 620 605
620 607 605
615 621 616
621 622 616
621 623 622
623 624 622
616 622 599
622 609 599
622 624 609
624 611 609
623 625 624
625 626 624
625 627 626
627 628 626
624 626 611
626 617 611
626 628 617
628 619 617
141 629 142
629 630 142
629 631 630
631 632 630
142 630 145
630 633 145
630 632 633
632 634 633
631 635 632
635 636 632
635 637 636
637 638 636
632 636 634
636 639 634
636 638 639
638 640 639
145 633 177
633 641 177
633 634 641
634 642 641
177 641 179
641 643 179
641 642 643
642 644 643
637 645 638
645 646 638
645 647 646
647 648 646
638 646 640
646 649 640
646 648 649
648 650 649
634 639 642
639 651 642
639 640 651
640 652 651
642 651 644
651 653 644
651 652 653
652 654 653
179 643 217
643 655 217
643 644 655
644 656 655
217 655 219
655 657 219
655 656 657
656 658 657
647 659 648
659 660 648
659 661 660
661 662 660
648 660 650
660 663 650
660 662 663
662 664 663
640 649 652
649 665 652
649 650 665
650 666 665
652 665 654
665 667 654
665 666 667
666 668 667
644 653 656
653 669 656
653 654 669
654 670 669
656 669 658
669 671 658
669 670 671
670 672 671
219 657 255
657 673 255
657 658 673
658 674 673
255 673 257
673 675 257
673 674 675
674 676 675
677 678 679
677 679 680
678 681 682
678 682 679
680 679 662
680 662 661
679 682 664
679 664 662
650 663 666
663 683 666
663 664 683
664 684 683
666 683 668
683 685 668
683 684 685
684 686 685
654 667 670
667 687 670
667 668 687
668 688 687
670 687 672
687 689 672
687 688 689
688 690 689
658 671 674
671 691 674
671 672 691
672 692 691
674 691 676
691 693 676
691 692 693
692 694 693
257 675 293
675 695 293
675 676 695
676 696 695
293 695 295
695 697 295
695 696 697
696 698 697
699 700 701
699 701 702
700 703 704
700 704 701
702 701 678
702 678 677
701 704 681
701 681 678
681 705 706
681 706 682
705 707 708
705 708 706
682 706 684
682 684 664
706 708 686
706 686 684
668 685 688
685 709 688
685 686 709
686 710 709
688 709 690
709 711 690
709 710 711
710 712 711
672 689 692
689 713 692
689 690 713
690 714 713
692 713 694
713 715 694
713 714 715
714 716 715
676 693 696
693 717 696
693 694 717
694 718 717
696 717 698
717 719 698
717 718 719
718 720 719
295 697 331
697 721 331
697 698 721
698 722 721
331 721 333
721 723 333
721 722 723
722 724 723
725 726 727
725 727 728
726 729 730
726 730 727
728 727 700
728 700 699
727 730 703
727 703 700
703 731 732
703 732 704
731 733 734
731 734 732
704 732 705
704 705 681
732 734 707
732 707 705
707 735 736
707 736 708
735 737 738
735 738 736
708 736 710
708 710 686
736 738 712
736 712 710
690 711 714
711 739 714
711 712 739
712 740 739
714 739 716
739 741 716
739 740 741
740 742 741
694 715 718
715 743 718
715 716 743
716 744 743
718 743 720
743 745 720
743 744 745
744 746 745
698 719 722
719 747 722
719 720 747
720 748 747
722 747 724
747 749 724
747 748 749
748 750 749
333 723 369
723 751 369
723 724 751
724 752 751
369 751 371
751 753 371
751 752 753
752 754 753
755 756 757
755 757 758
756 759 760
756 760 757
758 757 726
758 726 725
757 760 729
757 729 726
729 761 762
729 762 730
761 763 764
761 764 762
730 762 731
730 731 703
762 764 733
762 733 731
733 765 766
733 766 734
765 767 768
765 768 766
734 766 735
734 735 707
766 768 737
766 737 735
737 769 770
737 770 738
769 771 772
769 772 770
738 770 740
738 740 712
770 772 742
770 742 740
716 741 744
741 773 744
741 742 773
742 774 773
744 773 746
773 775 746
773 774 775
774 776 775
720 745 748
745 777 748
745 746 777
746 778 777
748 777 750
777 779 750
777 778 779
778 780 779
724 749 752
749 781 752
749 750 781
750 782 781
752 781 754
781 783 754
781 782 783
782 784 783
371 753 407
753 785 407
753 754 785
754 786 785
407 785 409
785 787 409
785 786 787
786 788 787
759 789 790
759 790 760
789 791 792
789 792 790
760 790 761
760 761 729
790 792 763
790 763 761
763 793 794
763 794 764
793 795 796
793 796 794
764 794 765
764 765 733
794 796 767
794 767 765
767 797 798
767 798 768
797 799 800
797 800 798
768 798 769
768 769 737
798 800 771
798 771 769
771 801 802
771 802 772
801 803 804
801 804 802
772 802 774
772 774 742
802 804 776
802 776 774
746 775 778
775 805 778
775 776 805
776 806 805
778 805 780
805 807 780
805 806 807
806 808 807
750 779 782
779 809 782
779 780 809
780 810 809
782 809 784
809 811 784
809 810 811
810 812 811
754 783 786
783 813 786
783 784 813
784 814 813
786 813 788
813 815 788
813 814 815
814 816 815
409 787 445
787 817 445
787 788 817
788 818 817
445 817 447
817 819 447
817 818 819
818 820 819
791 821 822
791 822 792
821 823 824
821 824 822
792 822 793
792 793 763
822 824 795
822 795 793
795 825 826
795 826 796
825 827 828
825 828 826
796 826 797
796 797 767
826 828 799
826 799 797
447 819 479
819 829 479
819 820 829
820 830 829
479 829 481
829 831 481
829 830 831
830 832 831
799 833 834
799 834 800
833 835 836
833 836 834
800 834 801
800 801 771
834 836 803
834 803 801
803 837 838
803 838 804
837 839 840
837 840 838
804 838 806
804 806 776
838 840 808
838 808 806
780 807 810
807 841 810
807 808 841
808 842 841
810 841 812
841 843 812
841 842 843
842 844 843
784 811 814
811 845 814
811 812 845
812 846 845
814 845 816
845 847 816
845 846 847
846 848 847
788 815 818
815 849 818
815 816 849
816 850 849
818 849 820
849 851 820
849 850 851
850 852 851
823 853 854
823 854 824
853 855 856
853 856 854
824 854 825
824 825 795
854 856 827
854 827 825
827 857 858
827 858 828
857 859 860
857 860 858
828 858 833
828 833 799
858 860 835
858 835 833
481 831 513
831 861 513
831 832 861
832 862 861
513 861 515
861 863 515
861 862 863
862 864 863
820 851 830
851 865 830
851 852 865
852 866 865
830 865 832
865 867 832
865 866 867
866 868 867
835 869 870
835 870 836
869 871 872
869 872 870
836 870 837
836 837 803
870 872 839
870 839 837
839 873 874
839 874 840
873 875 876
873 876 874
840 874 842
840 842 808
874 876 844
874 844 842
812 843 846
843 877 846
843 844 877
844 878 877
846 877 848
877 879 848
877 878 879
878 880 879
816 847 850
847 881 850
847 848 881
848 882 881
850 881 852
881 883 852
881 882 883
882 884 883
855 885 886
855 886 856
885 887 888
885 888 886
856 886 857
856 857 827
886 888 859
886 859 857
859 889 890
859 890 860
889 891 892
889 892 890
860 890 869
860 869 835
890 892 871
890 871 869
515 863 541
863 893 541
863 864 893
864 894 893
541 893 543
893 895 543
893 894 895
894 896 895
832 867 862
867 897 862
867 868 897
868 898 897
862 897 864
897 899 864
897 898 899
898 900 899
852 883 866
883 901 866
883 884 901
884 902 901
866 901 868
901 903 868
901 902 903
902 904 903
871 905 906
871 906 872
905 907 908
905 908 906
872 906 873
872 873 839
906 908 875
906 875 873
875 909 910
875 910 876
909 911 912
909 912 910
876 910 878
876 878 844
910 912 880
910 880 878
848 879 882
879 913 882
879 880 913
880 914 913
882 913 884
913 915 884
913 914 915
914 916 915
887 917 918
887 918 888
917 919 920
917 920 918
888 918 889
888 889 859
918 920 891
918 891 889
891 921 922
891 922 892
921 923 924
921 924 922
892 922 905
892 905 871
922 924 907
922 907 905
543 895 565
895 925 565
895 896 925
896 926 925
565 925 567
925 927 567
925 926 927
926 928 927
864 899 894
899 929 894
899 900 929
900 930 929
894 929 896
929 931 896
929 930 931
930 932 931
868 903 898
903 933 898
903 904 933
904 934 933
898 933 900
933 935 900
933 934 935
934 936 935
884 915 902
915 937 902
915 916 937
916 938 937
902 937 904
937 939 904
937 938 939
938 940 939
907 941 942
907 942 908
941 943 944
941 944 942
908 942 909
908 909 875
942 944 911
942 911 909
911 945 946
911 946 912
945 947 948
945 948 946
912 946 914
912 914 880
946 948 916
946 916 914
919 949 950
919 950 920
949 951 952
949 952 950
920 950 921
920 921 891
950 952 923
950 923 921
923 953 954
923 954 924
953 955 956
953 956 954
924 954 941
924 941 907
954 956 943
954 943 941
567 927 585
927 957 585
927 928 957
928 958 957
585 957 587
957 959 587
957 958 959
958 960 959
896 931 926
931 961 926
931 932 961
932 962 961
926 961 928
961 963 928
961 962 963
962 964 963
900 935 930
935 965 930
935 936 965
936 966 965
930 965 932
965 967 932
965 966 967
966 968 967
904 939 934
939 969 934
939 940 969
940 970 969
934 969 936
969 971 936
969 970 971
970 972 971
947 973 974
947 974 948
973 975 976
973 976 974
948 974 938
948 938 916
974 976 940
974 940 938
943 977 978
943 978 944
977 979 980
977 980 978
944 978 945
944 945 911
978 980 947
978 947 945
951 981 982
951 982 952
981 983 984
981 984 982
952 982 953
952 953 923
982 984 955
982 955 953
955 985 986
955 986 956
985 987 988
985 988 986
956 986 977
956 977 943
986 988 979
986 979 977
587 959 601
959 989 601
959 960 989
960 990 989
601 989 603
989 991 603
989 990 991
990 992 991
928 963 958
963 993 958
963 964 994
963 994 993
958 993 960
993 995 960
993 994 995
994 996 995
932 967 962
967 997 962
967 968 997
968 998 997
962 997 964
997 999 964
997 998 999
998 1000 999
936 971 966
971 1001 966
971 972 1001
972 1002 1001
966 1001 968
1001 1003 968
1001 1002 1003
1002 1004 1003
975 1005 1006
975 1006 976
1005 1007 1008
1005 1008 1006
976 1006 970
976 970 940
1006 1008 972
1006 972 970
979 1009 1010
979 1010 980
1009 1011 1012
1009 1012 1010
980 1010 973
980 973 947
1010 1012 975
1010 975 973
983 1013 1014
983 1014 984
1013 1015 1016
1013 1016 1014
984 1014 985
984 985 955
1014 1016 987
1014 987 985
987 1017 1018
987 1018 988
1017 1019 1020
1017 1020 1018
988 1018 1009
988 1009 979
1018 1020 1011
1018 1011 1009
603 991 613
991 1021 613
991 992 1021
992 1022 1021
613 1021 615
1021 1023 615
1021 1022 1023
1022 1024 1023
960 995 990
995 1025 990
995 996 1025
996 1026 1025
990 1025 992
1025 1027 992
1025 1026 1027
1026 1028 1027
1029 1030 1031
1030 1032 1031
1030 996 1032
996 994 1032
1031 1032 999
1031 999 1000
1032 994 964
1032 964 999
1033 1034 1035
1034 1036 1035
1034 1000 1036
1000 998 1036
1035 1036 1004
1036 1003 1004
1036 998 1003
998 968 1003
1007 1037 1038
1007 1038 1008
1037 1039 1040
1037 1040 1038
1008 1038 1002
1008 1002 972
1038 1040 1004
1038 1004 1002
1011 1041 1042
1011 1042 1012
1041 1043 1044
1041 1044 1042
1012 1042 1005
1012 1005 975
1042 1044 1007
1042 1007 1005
1015 1045 1046
1015 1046 1016
1045 1047 1048
1045 1048 1046
1016 1046 1017
1016 1017 987
1046 1048 1019
1046 1019 1017
1019 1049 1050
1019 1050 1020
1049 1051 1052
1049 1052 1050
1020 1050 1041
1020 1041 1011
1050 1052 1043
1050 1043 1041
615 1023 621
1023 1053 621
1023 1024 1053
1024 1054 1053
621 1053 623
1053 1055 623
1053 1054 1055
1054 1056 1055
992 1027 1022
1027 1057 1022
1027 1028 1057
1028 1058 1057
1022 1057 1024
1057 1059 1024
1057 1058 1059
1058 1060 1059
996 1030 1026
1030 1061 1026
1030 1029 1061
1029 1062 1061
1026 1061 1028
1061 1063 1028
1061 1062 1063
1062 1064 1063
1029 1031 1065
1029 1065 1066
1031 1000 1065
1000 1034 1065
1066 1065 1067
1066 1067 1068
1065 1034 1067
1034 1033 1067
1033 1035 1069
1033 1069 1070
1035 1004 1040
1035 1040 1069
1070 1069 1071
1070 1071 1072
1069 1040 1039
1069 1039 1071
1043 1073 1074
1043 1074 1044
1073 1075 1076
1073 1076 1074
1044 1074 1037
1044 1037 1007
1074 1076 1039
1074 1039 1037
1047 1077 1078
1047 1078 1048
1077 1079 1080
1077 1080 1078
1048 1078 1049
1048 1049 1019
1078 1080 1051
1078 1051 1049
623 1055 625
1055 1081 625
1055 1056 1081
1056 1082 1081
625 1081 627
1081 1083 627
1081 1082 1083
1082 1084 1083
1051 1085 1086
1051 1086 1052
1085 1087 1088
1085 1088 1086
1052 1086 1073
1052 1073 1043
1086 1088 1075
1086 1075 1073
1024 1059 1054
1059 1089 1054
1059 1060 1089
1060 1090 1089
1054 1089 1056
1089 1091 1056
1089 1090 1091
1090 1092 1091
1028 1063 1058
1063 1093 1058
1063 1064 1093
1064 1094 1093
1058 1093 1060
1093 1095 1060
1093 1094 1095
1094 1096 1095
1064 1062 1097
1064 1097 1098
1062 1029 1066
1062 1066 1097
1098 1097 1099
1098 1099 1100
1097 1066 1068
1097 1068 1099
1068 1067 1101
1068 1101 1102
1067 1033 1070
1067 1070 1101
1102 1101 1103
1102 1103 1104
1101 1070 1072
1101 1072 1103
1075 1105 1106
1075 1106 1076
1105 1107 1108
1105 1108 1106
1076 1106 1071
1076 1071 1039
1106 1108 1072
1106 1072 1071
1079 1109 1110
1079 1110 1080
1109 1111 1112
1109 1112 1110
1080 1110 1085
1080 1085 1051
1110 1112 1087
1110 1087 1085
1056 1091 1082
1091 1113 1082
1091 1092 1113
1092 1114 1113
1082 1113 1084
1113 1115 1084
1113 1114 1115
1114 1116 1115
1087 1117 1118
1087 1118 1088
1117 1119 1120
1117 1120 1118
1088 1118 1105
1088 1105 1075
1118 1120 1107
1118 1107 1105
1060 1095 1090
1095 1121 1090
1095 1096 1121
1096 1122 1121
1090 1121 1092
1121 1123 1092
1121 1122 1123
1122 1124 1123
1100 1125 1126
1100 1126 1098
1125 1127 1128
1125 1128 1126
1098 1126 1094
1098 1094 1064
1126 1128 1096
1126 1096 1094
1129 1130 1131
1130 1132 1131
1130 1100 1132
1100 1099 1132
1131 1132 1104
1132 1102 1104
1132 1099 1102
1099 1068 1102
1104 1103 1133
1104 1133 1134
1103 1072 1108
1103 1108 1133
1134 1133 1135
1134 1135 1136
1133 1108 1107
1133 1107 1135
1111 1137 1138
1111 1138 1112
1137 1139 1140
1137 1140 1138
1112 1138 1117
1112 1117 1087
1138 1140 1119
1138 1119 1117
1092 1123 1114
1123 1141 1114
1123 1124 1141
1124 1142 1141
1114 1141 1116
1141 1143 1116
1141 1142 1143
1142 1144 1143
1119 1145 1146
1119 1146 1120
1145 1147 1148
1145 1148 1146
1120 1146 1135
1120 1135 1107
1146 1148 1136
1146 1136 1135
1127 1149 1150
1127 1150 1128
1149 1151 1152
1149 1152 1150
1128 1150 1122
1128 1122 1096
1150 1152 1124
1150 1124 1122
1129 1153 1154
1129 1154 1130
1153 1155 1156
1153 1156 1154
1130 1154 1125
1130 1125 1100
1154 1156 1127
1154 1127 1125
1136 1157 1158
1136 1158 1134
1157 1159 1160
1157 1160 1158
1134 1158 1131
1134 1131 1104
1158 1160 1129
1158 1129 1131
1139 1161 1162
1139 1162 1140
1161 1163 1164
1161 1164 1162
1140 1162 1145
1140 1145 1119
1162 1164 1147
1162 1147 1145
1124 1152 1142
1152 1165 1142
1152 1151 1165
1151 1166 1165
1142 1165 1144
1165 1167 1144
1165 1166 1167
1166 1168 1167
1147 1169 1170
1147 1170 1148
1169 1171 1172
1169 1172 1170
1148 1170 1157
1148 1157 1136
1170 1172 1159
1170 1159 1157
1155 1173 1174
1155 1174 1156
1173 1175 1176
1173 1176 1174
1156 1174 1149
1156 1149 1127
1174 1176 1151
1174 1151 1149
1159 1177 1178
1159 1178 1160
1177 1179 1180
1177 1180 1178
1160 1178 1153
1160 1153 1129
1178 1180 1155
1178 1155 1153
1163 1181 1182
1163 1182 1164
1181 1183 1184
1181 1184 1182
1164 1182 1169
1164 1169 1147
1182 1184 1171
1182 1171 1169
1175 1185 1186
1175 1186 1176
1185 1187 1188
1185 1188 1186
1176 1186 1166
1176 1166 1151
1186 1188 1168
1186 1168 1166
1171 1189 1190
1171 1190 1172
1189 1191 1192
1189 1192 1190
1172 1190 1177
1172 1177 1159
1190 1192 1179
1190 1179 1177
1179 1193 1194
1179 1194 1180
1193 1195 1196
1193 1196 1194
1180 1194 1173
1180 1173 1155
1194 1196 1175
1194 1175 1173
1183 1197 1198
1183 1198 1184
1197 1199 1200
1197 1200 1198
1184 1198 1189
1184 1189 1171
1198 1200 1191
1198 1191 1189
1195 1201 1202
1195 1202 1196
1201 1203 1204
1201 1204 1202
1196 1202 1185
1196 1185 1175
1202 1204 1187
1202 1187 1185
1191 1205 1206
1191 1206 1192
1205 1207 1208
1205 1208 1206
1192 1206 1193
1192 1193 1179
1206 1208 1195
1206 1195 1193
1199 1209 1210
1199 1210 1200
1209 1211 1212
1209 1212 1210
1200 1210 1205
1200 1205 1191
1210 1212 1207
1210 1207 1205
1207 1213 1214
1207 1214 1208
1213 1215 1216
1213 1216 1214
1208 1214 1201
1208 1201 1195
1214 1216 1203
1214 1203 1201
1211 1217 1218
1211 1218 1212
1217 1219 1220
1217 1220 1218
1212 1218 1213
1212 1213 1207
1218 1220 1215
1218 1215 1213
0 1221 1
1221 1222 1
1221 1223 1222
1223 1224 1222
1 1222 4
1222 1225 4
1222 1224 1225
1224 1226 1225
1223 1227 1224
1227 1228 1224
1227 1229 1228
1229 1230 1228
1224 1228 1226
1228 1231 1226
1228 1230 1231
1230 1232 1231
4 1225 9
1225 1233 9
1225 1226 1233
1226 1234 1233
9 1233 11
1233 1235 11
1233 1234 1235
1234 1236 1235
1229 1237 1230
1237 1238 1230
1237 1239 1238
1239 1240 1238
1230 1238 1232
1238 1241 1232
1238 1240 1241
1240 1242 1241
1226 1231 1234
1231 1243 1234
1231 1232 1243
1232 1244 1243
1234 1243 1236
1243 1245 1236
1243 1244 1245
1244 1246 1245
11 1235 21
1235 1247 21
1235 1236 1247
1236 1248 1247
21 1247 23
1247 1249 23
1247 1248 1249
1248 1250 1249
1239 1251 1240
1251 1252 1240
1251 1253 1252
1253 1254 1252
1240 1252 1242
1252 1255 1242
1252 1254 1255
1254 1256 1255
1232 1241 1244
1241 1257 1244
1241 1242 1257
1242 1258 1257
1244 1257 1246
1257 1259 1246
1257 1258 1259
1258 1260 1259
1236 1245 1248
1245 1261 1248
1245 1246 1261
1246 1262 1261
1248 1261 1250
1261 1263 1250
1261 1262 1263
1262 1264 1263
23 1249 37
1249 1265 37
1249 1250 1265
1250 1266 1265
37 1265 39
1265 1267 39
1265 1266 1267
1266 1268 1267
1269 1270 1271
1269 1271 1272
1270 1273 1274
1270 1274 1271
1272 1271 1254
1272 1254 1253
1271 1274 1256
1271 1256 1254
1242 1255 1258
1255 1275 1258
1255 1256 1275
1256 1276 1275
1258 1275 1260
1275 1277 1260
1275 1276 1277
1276 1278 1277
1246 1259 1262
1259 1279 1262
1259 1260 1279
1260 1280 1279
1262 1279 1264
1279 1281 1264
1279 1280 1281
1280 1282 1281
1250 1263 1266
1263 1283 1266
1263 1264 1283
1264 1284 1283
1266 1283 1268
1283 1285 1268
1283 1284 1285
1284 1286 1285
57 59 1287
57 1287 1288
59 39 1267
59 1267 1287
1288 1287 1289
1288 1289 1290
1287 1267 1268
1287 1268 1289
1291 1292 1293
1291 1293 1294
1292 1295 1296
1292 1296 1293
1294 1293 1270
1294 1270 1269
1293 1296 1273
1293 1273 1270
1273 1297 1298
1273 1298 1274
1297 1299 1300
1297 1300 1298
1274 1298 1276
1274 1276 1256
1298 1300 1278
1298 1278 1276
1260 1277 1280
1277 1301 1280
1277 1278 1301
1278 1302 1301
1280 1301 1282
1301 1303 1282
1301 1302 1303
1302 1304 1303
1264 1281 1284
1281 1305 1284
1281 1282 1305
1282 1306 1305
1284 1305 1286
1305 1307 1286
1305 1306 1307
1306 1308 1307
1290 1289 1309
1290 1309 1310
1289 1268 1285
1289 1285 1309
1310 1309 1311
1310 1311 1312
1309 1285 1286
1309 1286 1311
81 83 1313
81 1313 1314
83 57 1288
83 1288 1313
1314 1313 1315
1314 1315 1316
1313 1288 1290
1313 1290 1315
1317 1318 1319
1317 1319 1320
1318 1321 1322
1318 1322 1319
1320 1319 1292
1320 1292 1291
1319 1322 1295
1319 1295 1292
1295 1323 1324
1295 1324 1296
1323 1325 1326
1323 1326 1324
1296 1324 1297
1296 1297 1273
1324 1326 1299
1324 1299 1297
1299 1327 1328
1299 1328 1300
1327 1329 1330
1327 1330 1328
1300 1328 1302
1300 1302 1278
1328 1330 1304
1328 1304 1302
1282 1303 1306
1303 1331 1306
1303 1304 1331
1304 1332 1331
1306 1331 1308
1331 1333 1308
1331 1332 1333
1332 1334 1333
1312 1311 1335
1312 1335 1336
1311 1286 1307
1311 1307 1335
1336 1335 1337
1336 1337 1338
1335 1307 1308
1335 1308 1337
1316 1315 1339
1316 1339 1340
1315 1290 1310
1315 1310 1339
1340 1339 1341
1340 1341 1342
1339 1310 1312
1339 1312 1341
109 111 1343
109 1343 1344
111 81 1314
111 1314 1343
1344 1343 1345
1344 1345 1346
1343 1314 1316
1343 1316 1345
1347 1348 1349
1347 1349 1350
1348 1351 1352
1348 1352 1349
1350 1349 1318
1350 1318 1317
1349 1352 1321
1349 1321 1318
1321 1353 1354
1321 1354 1322
1353 1355 1356
1353 1356 1354
1322 1354 1323
1322 1323 1295
1354 1356 1325
1354 1325 1323
1325 1357 1358
1325 1358 1326
1357 1359 1360
1357 1360 1358
1326 1358 1327
1326 1327 1299
1358 1360 1329
1358 1329 1327
1329 1361 1362
1329 1362 1330
1361 1363 1364
1361 1364 1362
1330 1362 1332
1330 1332 1304
1362 1364 1334
1362 1334 1332
1338 1337 1365
1338 1365 1366
1337 1308 1333
1337 1333 1365
1366 1365 1367
1366 1367 1368
1365 1333 1334
1365 1334 1367
1342 1341 1369
1342 1369 1370
1341 1312 1336
1341 1336 1369
1370 1369 1371
1370 1371 1372
1369 1336 1338
1369 1338 1371
1346 1345 1373
1346 1373 1374
1345 1316 1340
1345 1340 1373
1374 1373 1375
1374 1375 1376
1373 1340 1342
1373 1342 1375
141 143 1377
141 1377 629
143 109 1344
143 1344 1377
629 1377 1378
629 1378 631
1377 1344 1346
1377 1346 1378
1351 1379 1380
1351 1380 1352
1379 1381 1382
1379 1382 1380
1352 1380 1353
1352 1353 1321
1380 1382 1355
1380 1355 1353
1355 1383 1384
1355 1384 1356
1383 1385 1386
1383 1386 1384
1356 1384 1357
1356 1357 1325
1384 1386 1359
1384 1359 1357
1359 1387 1388
1359 1388 1360
1387 1389 1390
1387 1390 1388
1360 1388 1361
1360 1361 1329
1388 1390 1363
1388 1363 1361
1391 1392 1393
1392 1394 1393
1392 1368 1394
1368 1367 1394
1393 1394 1363
1394 1364 1363
1394 1367 1364
1367 1334 1364
1372 1371 1395
1372 1395 1396
1371 1338 1366
1371 1366 1395
1396 1395 1397
1396 1397 1398
1395 1366 1368
1395 1368 1397
1376 1375 1399
1376 1399 1400
1375 1342 1370
1375 1370 1399
1400 1399 1401
1400 1401 1402
1399 1370 1372
1399 1372 1401
631 1378 1403
631 1403 635
1378 1346 1374
1378 1374 1403
635 1403 1404
635 1404 637
1403 1374 1376
1403 1376 1404
1381 1405 1406
1381 1406 1382
1405 1407 1408
1405 1408 1406
1382 1406 1383
1382 1383 1355
1406 1408 1385
1406 1385 1383
1385 1409 1410
1385 1410 1386
1409 1411 1412
1409 1412 1410
1386 1410 1387
1386 1387 1359
1410 1412 1389
1410 1389 1387
1413 1414 1415
1414 1416 1415
1414 1391 1416
1391 1393 1416
1415 1416 1389
1416 1390 1389
1416 1393 1390
1393 1363 1390
1417 1418 1419
1418 1420 1419
1418 1398 1420
1398 1397 1420
1419 1420 1391
1420 1392 1391
1420 1397 1392
1397 1368 1392
1402 1401 1421
1402 1421 1422
1401 1372 1396
1401 1396 1421
1422 1421 1423
1422 1423 1424
1421 1396 1398
1421 1398 1423
637 1404 1425
637 1425 645
1404 1376 1400
1404 1400 1425
645 1425 1426
645 1426 647
1425 1400 1402
1425 1402 1426
1407 1427 1428
1407 1428 1408
1427 1429 1430
1427 1430 1428
1408 1428 1409
1408 1409 1385
1428 1430 1411
1428 1411 1409
1431 1432 1433
1432 1434 1433
1432 1413 1434
1413 1415 1434
1433 1434 1411
1434 1412 1411
1434 1415 1412
1415 1389 1412
1435 1436 1437
1436 1438 1437
1436 1417 1438
1417 1419 1438
1437 1438 1413
1438 1414 1413
1438 1419 1414
1419 1391 1414
1439 1440 1441
1440 1442 1441
1440 1424 1442
1424 1423 1442
1441 1442 1417
1442 1418 1417
1442 1423 1418
1423 1398 1418
647 1426 1443
647 1443 659
1426 1402 1422
1426 1422 1443
659 1443 1444
659 1444 661
1443 1422 1424
1443 1424 1444
1445 1446 1447
1446 1448 1447
1446 1431 1448
1431 1433 1448
1447 1448 1429
1448 1430 1429
1448 1433 1430
1433 1411 1430
1449 1450 1451
1450 1452 1451
1450 1435 1452
1435 1437 1452
1451 1452 1431
1452 1432 1431
1452 1437 1432
1437 1413 1432
1453 1454 1455
1454 1456 1455
1454 1439 1456
1439 1441 1456
1455 1456 1435
1456 1436 1435
1456 1441 1436
1441 1417 1436
677 680 1457
680 1458 1457
680 661 1458
661 1444 1458
1457 1458 1439
1458 1440 1439
1458 1444 1440
1444 1424 1440
1459 1460 1461
1460 1462 1461
1460 1449 1462
1449 1451 1462
1461 1462 1445
1462 1446 1445
1462 1451 1446
1451 1431 1446
1463 1464 1465
1464 1466 1465
1464 1453 1466
1453 1455 1466
1465 1466 1449
1466 1450 1449
1466 1455 1450
1455 1435 1450
699 702 1467
702 1468 1467
702 677 1468
677 1457 1468
1467 1468 1453
1468 1454 1453
1468 1457 1454
1457 1439 1454
1469 1470 1471
1470 1472 1471
1470 1463 1472
1463 1465 1472
1471 1472 1459
1472 1460 1459
1472 1465 1460
1465 1449 1460
725 728 1473
728 1474 1473
728 699 1474
699 1467 1474
1473 1474 1463
1474 1464 1463
1474 1467 1464
1467 1453 1464
755 758 1475
758 1476 1475
758 725 1476
725 1473 1476
1475 1476 1469
1476 1470 1469
1476 1473 1470
1473 1463 1470
0 3 1221
3 1477 1221
3 7 1477
7 1478 1477
1221 1477 1479
1221 1479 1223
1477 1478 1480
1477 1480 1479
1223 1479 1481
1223 1481 1227
1479 1480 1482
1479 1482 1481
1227 1481 1483
1227 1483 1229
1481 1482 1484
1481 1484 1483
7 16 1478
16 1485 1478
16 19 1485
19 1486 1485
1478 1485 1487
1478 1487 1480
1485 1486 1488
1485 1488 1487
1229 1483 1489
1229 1489 1237
1483 1484 1490
1483 1490 1489
1237 1489 1491
1237 1491 1239
1489 1490 1492
1489 1492 1491
1480 1487 1493
1480 1493 1482
1487 1488 1494
1487 1494 1493
1482 1493 1495
1482 1495 1484
1493 1494 1496
1493 1496 1495
19 32 1486
32 1497 1486
32 35 1497
35 1498 1497
1486 1497 1499
1486 1499 1488
1497 1498 1500
1497 1500 1499
1239 1491 1501
1239 1501 1251
1491 1492 1502
1491 1502 1501
1251 1501 1503
1251 1503 1253
1501 1502 1504
1501 1504 1503
1484 1495 1505
1484 1505 1490
1495 1496 1506
1495 1506 1505
1490 1505 1507
1490 1507 1492
1505 1506 1508
1505 1508 1507
1488 1499 1509
1488 1509 1494
1499 1500 1510
1499 1510 1509
1494 1509 1511
1494 1511 1496
1509 1510 1512
1509 1512 1511
35 52 1498
52 1513 1498
52 55 1513
55 1514 1513
1498 1513 1515
1498 1515 1500
1513 1514 1516
1513 1516 1515
1269 1272 1517
1272 1518 1517
1272 1253 1518
1253 1503 1518
1517 1518 1519
1518 1520 1519
1518 1503 1520
1503 1504 1520
1492 1507 1521
1492 1521 1502
1507 1508 1522
1507 1522 1521
1502 1521 1523
1502 1523 1504
1521 1522 1524
1521 1524 1523
1496 1511 1525
1496 1525 1506
1511 1512 1526
1511 1526 1525
1506 1525 1527
1506 1527 1508
1525 1526 1528
1525 1528 1527
1500 1515 1529
1500 1529 1510
1515 1516 1530
1515 1530 1529
1510 1529 1531
1510 1531 1512
1529 1530 1532
1529 1532 1531
55 76 1514
76 1533 1514
76 79 1533
79 1534 1533
1514 1533 1535
1514 1535 1516
1533 1534 1536
1533 1536 1535
1291 1294 1537
1294 1538 1537
1294 1269 1538
1269 1517 1538
1537 1538 1539
1538 1540 1539
1538 1517 1540
1517 1519 1540
1519 1520 1541
1520 1542 1541
1520 1504 1542
1504 1523 1542
1541 1542 1543
1542 1544 1543
1542 1523 1544
1523 1524 1544
1508 1527 1545
1508 1545 1522
1527 1528 1546
1527 1546 1545
1522 1545 1547
1522 1547 1524
1545 1546 1548
1545 1548 1547
1512 1531 1549
1512 1549 1526
1531 1532 1550
1531 1550 1549
1526 1549 1551
1526 1551 1528
1549 1550 1552
1549 1552 1551
1516 1535 1553
1516 1553 1530
1535 1536 1554
1535 1554 1553
1530 1553 1555
1530 1555 1532
1553 1554 1556
1553 1556 1555
79 104 1534
104 1557 1534
104 107 1557
107 1558 1557
1534 1557 1559
1534 1559 1536
1557 1558 1560
1557 1560 1559
1317 1320 1561
1320 1562 1561
1320 1291 1562
1291 1537 1562
1561 1562 1563
1562 1564 1563
1562 1537 1564
1537 1539 1564
1539 1540 1565
1540 1566 1565
1540 1519 1566
1519 1541 1566
1565 1566 1567
1566 1568 1567
1566 1541 1568
1541 1543 1568
1543 1544 1569
1544 1570 1569
1544 1524 1570
1524 1547 1570
1569 1570 1571
1570 1572 1571
1570 1547 1572
1547 1548 1572
1528 1551 1573
1528 1573 1546
1551 1552 1574
1551 1574 1573
1546 1573 1575
1546 1575 1548
1573 1574 1576
1573 1576 1575
1532 1555 1577
1532 1577 1550
1555 1556 1578
1555 1578 1577
1550 1577 1579
1550 1579 1552
1577 1578 1580
1577 1580 1579
1536 1559 1581
1536 1581 1554
1559 1560 1582
1559 1582 1581
1554 1581 1583
1554 1583 1556
1581 1582 1584
1581 1584 1583
107 136 1558
136 1585 1558
136 139 1585
139 1586 1585
1558 1585 1587
1558 1587 1560
1585 1586 1588
1585 1588 1587
1347 1350 1589
1350 1590 1589
1350 1317 1590
1317 1561 1590
1589 1590 1591
1590 1592 1591
1590 1561 1592
1561 1563 1592
1563 1564 1593
1564 1594 1593
1564 1539 1594
1539 1565 1594
1593 1594 1595
1594 1596 1595
1594 1565 1596
1565 1567 1596
1567 1568 1597
1568 1598 1597
1568 1543 1598
1543 1569 1598
1597 1598 1599
1598 1600 1599
1598 1569 1600
1569 1571 1600
1571 1572 1601
1572 1602 1601
1572 1548 1602
1548 1575 1602
1601 1602 1603
1602 1604 1603
1602 1575 1604
1575 1576 1604
1552 1579 1605
1552 1605 1574
1579 1580 1606
1579 1606 1605
1574 1605 1607
1574 1607 1576
1605 1606 1608
1605 1608 1607
1556 1583 1609
1556 1609 1578
1583 1584 1610
1583 1610 1609
1578 1609 1611
1578 1611 1580
1609 1610 1612
1609 1612 1611
1560 1587 1613
1560 1613 1582
1587 1588 1614
1587 1614 1613
1582 1613 1615
1582 1615 1584
1613 1614 1616
1613 1616 1615
139 172 1586
172 1617 1586
172 175 1617
175 1618 1617
1586 1617 1619
1586 1619 1588
1617 1618 1620
1617 1620 1619
1591 1592 1621
1592 1622 1621
1592 1563 1622
1563 1593 1622
1621 1622 1623
1622 1624 1623
1622 1593 1624
1593 1595 1624
1595 1596 1625
1596 1626 1625
1596 1567 1626
1567 1597 1626
1625 1626 1627
1626 1628 1627
1626 1597 1628
1597 1599 1628
1599 1600 1629
1600 1630 1629
1600 1571 1630
1571 1601 1630
1629 1630 1631
1630 1632 1631
1630 1601 1632
1601 1603 1632
1603 1604 1633
1604 1634 1633
1604 1576 1634
1576 1607 1634
1633 1634 1635
1634 1636 1635
1634 1607 1636
1607 1608 1636
1580 1611 1637
1580 1637 1606
1611 1612 1638
1611 1638 1637
1606 1637 1639
1606 1639 1608
1637 1638 1640
1637 1640 1639
1584 1615 1641
1584 1641 1610
1615 1616 1642
1615 1642 1641
1610 1641 1643
1610 1643 1612
1641 1642 1644
1641 1644 1643
1588 1619 1645
1588 1645 1614
1619 1620 1646
1619 1646 1645
1614 1645 1647
1614 1647 1616
1645 1646 1648
1645 1648 1647
175 206 1618
206 1649 1618
206 209 1649
209 1650 1649
1618 1649 1651
1618 1651 1620
1649 1650 1652
1649 1652 1651
209 212 1650
212 1653 1650
212 215 1653
215 1654 1653
1650 1653 1655
1650 1655 1652
1653 1654 1656
1653 1656 1655
1623 1624 1657
1624 1658 1657
1624 1595 1658
1595 1625 1658
1657 1658 1659
1658 1660 1659
1658 1625 1660
1625 1627 1660
1627 1628 1661
1628 1662 1661
1628 1599 1662
1599 1629 1662
1661 1662 1663
1662 1664 1663
1662 1629 1664
1629 1631 1664
1631 1632 1665
1632 1666 1665
1632 1603 1666
1603 1633 1666
1665 1666 1667
1666 1668 1667
1666 1633 1668
1633 1635 1668
1635 1636 1669
1636 1670 1669
1636 1608 1670
1608 1639 1670
1669 1670 1671
1670 1672 1671
1670 1639 1672
1639 1640 1672
1612 1643 1673
1612 1673 1638
1643 1644 1674
1643 1674 1673
1638 1673 1675
1638 1675 1640
1673 1674 1676
1673 1676 1675
1616 1647 1677
1616 1677 1642
1647 1648 1678
1647 1678 1677
1642 1677 1679
1642 1679 1644
1677 1678 1680
1677 1680 1679
1620 1651 1681
1620 1681 1646
1651 1652 1682
1651 1682 1681
1646 1681 1683
1646 1683 1648
1681 1682 1684
1681 1684 1683
215 246 1654
246 1685 1654
246 249 1685
249 1686 1685
1654 1685 1687
1654 1687 1656
1685 1686 1688
1685 1688 1687
1652 1655 1689
1652 1689 1682
1655 1656 1690
1655 1690 1689
1682 1689 1691
1682 1691 1684
1689 1690 1692
1689 1692 1691
1659 1660 1693
1660 1694 1693
1660 1627 1694
1627 1661 1694
1693 1694 1695
1694 1696 1695
1694 1661 1696
1661 1663 1696
1663 1664 1697
1664 1698 1697
1664 1631 1698
1631 1665 1698
1697 1698 1699
1698 1700 1699
1698 1665 1700
1665 1667 1700
1667 1668 1701
1668 1702 1701
1668 1635 1702
1635 1669 1702
1701 1702 1703
1702 1704 1703
1702 1669 1704
1669 1671 1704
1671 1672 1705
1672 1706 1705
1672 1640 1706
1640 1675 1706
1705 1706 1707
1706 1708 1707
1706 1675 1708
1675 1676 1708
1644 1679 1709
1644 1709 1674
1679 1680 1710
1679 1710 1709
1674 1709 1711
1674 1711 1676
1709 1710 1712
1709 1712 1711
1648 1683 1713
1648 1713 1678
1683 1684 1714
1683 1714 1713
1678 1713 1715
1678 1715 1680
1713 1714 1716
1713 1716 1715
249 280 1686
280 1717 1686
280 283 1717
283 1718 1717
1686 1717 1719
1686 1719 1688
1717 1718 1720
1717 1720 1719
1656 1687 1721
1656 1721 1690
1687 1688 1722
1687 1722 1721
1690 1721 1723
1690 1723 1692
1721 1722 1724
1721 1724 1723
1684 1691 1725
1684 1725 1714
1691 1692 1726
1691 1726 1725
1714 1725 1727
1714 1727 1716
1725 1726 1728
1725 1728 1727
1695 1696 1729
1696 1730 1729
1696 1663 1730
1663 1697 1730
1729 1730 1731
1730 1732 1731
1730 1697 1732
1697 1699 1732
1699 1700 1733
1700 1734 1733
1700 1667 1734
1667 1701 1734
1733 1734 1735
1734 1736 1735
1734 1701 1736
1701 1703 1736
1703 1704 1737
1704 1738 1737
1704 1671 1738
1671 1705 1738
1737 1738 1739
1738 1740 1739
1738 1705 1740
1705 1707 1740
1707 1708 1741
1708 1742 1741
1708 1676 1742
1676 1711 1742
1741 1742 1743
1742 1744 1743
1742 1711 1744
1711 1712 1744
1680 1715 1745
1680 1745 1710
1715 1716 1746
1715 1746 1745
1710 1745 1747
1710 1747 1712
1745 1746 1748
1745 1748 1747
283 314 1718
314 1749 1718
314 317 1749
317 1750 1749
1718 1749 1751
1718 1751 1720
1749 1750 1752
1749 1752 1751
1688 1719 1753
1688 1753 1722
1719 1720 1754
1719 1754 1753
1722 1753 1755
1722 1755 1724
1753 1754 1756
1753 1756 1755
1692 1723 1757
1692 1757 1726
1723 1724 1758
1723 1758 1757
1726 1757 1759
1726 1759 1728
1757 1758 1760
1757 1760 1759
1716 1727 1761
1716 1761 1746
1727 1728 1762
1727 1762 1761
1746 1761 1763
1746 1763 1748
1761 1762 1764
1761 1764 1763
1731 1732 1765
1732 1766 1765
1732 1699 1766
1699 1733 1766
1765 1766 1767
1766 1768 1767
1766 1733 1768
1733 1735 1768
1735 1736 1769
1736 1770 1769
1736 1703 1770
1703 1737 1770
1769 1770 1771
1770 1772 1771
1770 1737 1772
1737 1739 1772
1739 1740 1773
1740 1774 1773
1740 1707 1774
1707 1741 1774
1773 1774 1775
1774 1776 1775
1774 1741 1776
1741 1743 1776
1743 1744 1777
1744 1778 1777
1744 1712 1778
1712 1747 1778
1777 1778 1779
1778 1780 1779
1778 1747 1780
1747 1748 1780
317 348 1750
348 1781 1750
348 351 1781
351 1782 1781
1750 1781 1783
1750 1783 1752
1781 1782 1784
1781 1784 1783
1720 1751 1785
1720 1785 1754
1751 1752 1786
1751 1786 1785
1754 1785 1787
1754 1787 1756
1785 1786 1788
1785 1788 1787
1724 1755 1789
1724 1789 1758
1755 1756 1790
1755 1790 1789
1758 1789 1791
1758 1791 1760
1789 1790 1792
1789 1792 1791
1728 1759 1793
1728 1793 1762
1759 1760 1794
1759 1794 1793
1762 1793 1795
1762 1795 1764
1793 1794 1796
1793 1796 1795
1779 1780 1797
1780 1798 1797
1780 1748 1798
1748 1763 1798
1797 1798 1799
1798 1800 1799
1798 1763 1800
1763 1764 1800
1767 1768 1801
1768 1802 1801
1768 1735 1802
1735 1769 1802
1801 1802 1803
1802 1804 1803
1802 1769 1804
1769 1771 1804
1771 1772 1805
1772 1806 1805
1772 1739 1806
1739 1773 1806
1805 1806 1807
1806 1808 1807
1806 1773 1808
1773 1775 1808
1775 1776 1809
1776 1810 1809
1776 1743 1810
1743 1777 1810
1809 1810 1811
1810 1812 1811
1810 1777 1812
1777 1779 1812
351 382 1782
382 1813 1782
382 385 1813
385 1814 1813
1782 1813 1815
1782 1815 1784
1813 1814 1816
1813 1816 1815
1752 1783 1817
1752 1817 1786
1783 1784 1818
1783 1818 1817
1786 1817 1819
1786 1819 1788
1817 1818 1820
1817 1820 1819
1756 1787 1821
1756 1821 1790
1787 1788 1822
1787 1822 1821
1790 1821 1823
1790 1823 1792
1821 1822 1824
1821 1824 1823
1760 1791 1825
1760 1825 1794
1791 1792 1826
1791 1826 1825
1794 1825 1827
1794 1827 1796
1825 1826 1828
1825 1828 1827
1799 1800 1829
1800 1830 1829
1800 1764 1830
1764 1795 1830
1829 1830 1831
1830 1832 1831
1830 1795 1832
1795 1796 1832
1811 1812 1833
1812 1834 1833
1812 1779 1834
1779 1797 1834
1833 1834 1835
1834 1836 1835
1834 1797 1836
1797 1799 1836
1803 1804 1837
1804 1838 1837
1804 1771 1838
1771 1805 1838
1837 1838 1839
1838 1840 1839
1838 1805 1840
1805 1807 1840
1807 1808 1841
1808 1842 1841
1808 1775 1842
1775 1809 1842
1841 1842 1843
1842 1844 1843
1842 1809 1844
1809 1811 1844
385 416 1814
416 1845 1814
416 419 1845
419 1846 1845
1814 1845 1847
1814 1847 1816
1845 1846 1848
1845 1848 1847
1784 1815 1849
1784 1849 1818
1815 1816 1850
1815 1850 1849
1818 1849 1851
1818 1851 1820
1849 1850 1852
1849 1852 1851
1853 1854 1855
1853 1855 1856
1854 1824 1822
1854 1822 1855
1856 1855 1819
1856 1819 1820
1855 1822 1788
1855 1788 1819
1857 1858 1859
1857 1859 1860
1858 1828 1826
1858 1826 1859
1860 1859 1823
1860 1823 1824
1859 1826 1792
1859 1792 1823
1831 1832 1861
1832 1862 1861
1832 1796 1862
1796 1827 1862
1861 1862 1863
1862 1864 1863
1862 1827 1864
1827 1828 1864
1835 1836 1865
1836 1866 1865
1836 1799 1866
1799 1829 1866
1865 1866 1867
1866 1868 1867
1866 1829 1868
1829 1831 1868
1843 1844 1869
1844 1870 1869
1844 1811 1870
1811 1833 1870
1869 1870 1871
1870 1872 1871
1870 1833 1872
1833 1835 1872
1839 1840 1873
1840 1874 1873
1840 1807 1874
1807 1841 1874
1873 1874 1875
1874 1876 1875
1874 1841 1876
1841 1843 1876
419 450 1846
450 1877 1846
450 453 1877
453 1878 1877
1846 1877 1879
1846 1879 1848
1877 1878 1880
1877 1880 1879
1816 1847 1881
1816 1881 1850
1847 1848 1882
1847 1882 1881
1850 1881 1883
1850 1883 1852
1881 1882 1884
1881 1884 1883
1820 1851 1885
1820 1885 1856
1851 1852 1886
1851 1886 1885
1856 1885 1887
1856 1887 1853
1885 1886 1888
1885 1888 1887
1853 1889 1854
1889 1890 1854
1889 1891 1890
1891 1892 1890
1854 1890 1824
1890 1860 1824
1890 1892 1860
1892 1857 1860
1857 1893 1858
1893 1894 1858
1893 1895 1894
1895 1896 1894
1858 1894 1828
1894 1864 1828
1894 1896 1864
1896 1863 1864
1867 1868 1897
1868 1898 1897
1868 1831 1898
1831 1861 1898
1897 1898 1899
1898 1900 1899
1898 1861 1900
1861 1863 1900
1871 1872 1901
1872 1902 1901
1872 1835 1902
1835 1865 1902
1901 1902 1903
1902 1904 1903
1902 1865 1904
1865 1867 1904
1875 1876 1905
1876 1906 1905
1876 1843 1906
1843 1869 1906
1905 1906 1907
1906 1908 1907
1906 1869 1908
1869 1871 1908
453 484 1878
484 1909 1878
484 487 1909
487 1910 1909
1878 1909 1911
1878 1911 1880
1909 1910 1912
1909 1912 1911
1848 1879 1913
1848 1913 1882
1879 1880 1914
1879 1914 1913
1882 1913 1915
1882 1915 1884
1913 1914 1916
1913 1916 1915
1852 1883 1917
1852 1917 1886
1883 1884 1918
1883 1918 1917
1886 1917 1919
1886 1919 1888
1917 1918 1920
1917 1920 1919
1888 1921 1887
1921 1922 1887
1921 1923 1922
1923 1924 1922
1887 1922 1853
1922 1889 1853
1922 1924 1889
1924 1891 1889
1925 1926 1927
1925 1927 1928
1926 1895 1927
1895 1893 1927
1928 1927 1892
1928 1892 1891
1927 1893 1857
1927 1857 1892
1899 1900 1929
1900 1930 1929
1900 1863 1930
1863 1896 1930
1929 1930 1931
1930 1932 1931
1930 1896 1932
1896 1895 1932
1903 1904 1933
1904 1934 1933
1904 1867 1934
1867 1897 1934
1933 1934 1935
1934 1936 1935
1934 1897 1936
1897 1899 1936
1907 1908 1937
1908 1938 1937
1908 1871 1938
1871 1901 1938
1937 1938 1939
1938 1940 1939
1938 1901 1940
1901 1903 1940
1880 1911 1941
1880 1941 1914
1911 1912 1942
1911 1942 1941
1914 1941 1943
1914 1943 1916
1941 1942 1944
1941 1944 1943
1884 1915 1945
1884 1945 1918
1915 1916 1946
1915 1946 1945
1918 1945 1947
1918 1947 1920
1945 1946 1948
1945 1948 1947
1888 1919 1949
1888 1949 1921
1919 1920 1950
1919 1950 1949
1921 1949 1951
1921 1951 1923
1949 1950 1952
1949 1952 1951
1953 1954 1955
1953 1955 1956
1954 1925 1928
1954 1928 1955
1956 1955 1924
1956 1924 1923
1955 1928 1891
1955 1891 1924
1925 1957 1926
1957 1958 1926
1957 1959 1958
1959 1960 1958
1926 1958 1932
1926 1932 1895
1958 1960 1931
1958 1931 1932
1935 1936 1961
1936 1962 1961
1936 1899 1962
1899 1929 1962
1961 1962 1963
1962 1964 1963
1962 1929 1964
1929 1931 1964
1939 1940 1965
1940 1966 1965
1940 1903 1966
1903 1933 1966
1965 1966 1967
1966 1968 1967
1966 1933 1968
1933 1935 1968
1916 1943 1969
1916 1969 1946
1943 1944 1970
1943 1970 1969
1946 1969 1971
1946 1971 1948
1969 1970 1972
1969 1972 1971
1952 1950 1973
1950 1974 1973
1950 1920 1974
1920 1947 1974
1973 1974 1975
1974 1976 1975
1974 1947 1976
1947 1948 1976
1953 1956 1977
1956 1978 1977
1956 1923 1978
1923 1951 1978
1977 1978 1979
1978 1980 1979
1978 1951 1980
1951 1952 1980
1959 1957 1981
1957 1982 1981
1957 1925 1982
1925 1954 1982
1981 1982 1983
1982 1984 1983
1982 1954 1984
1954 1953 1984
1963 1964 1985
1963 1985 1986
1964 1931 1960
1964 1960 1985
1986 1985 1987
1985 1988 1987
1985 1960 1988
1960 1959 1988
1967 1968 1989
1968 1990 1989
1968 1935 1990
1935 1961 1990
1989 1990 1991
1990 1992 1991
1990 1961 1992
1961 1963 1992
1948 1971 1993
1948 1993 1976
1971 1972 1994
1971 1994 1993
1976 1993 1995
1976 1995 1975
1993 1994 1996
1993 1996 1995
1952 1973 1997
1952 1997 1980
1973 1975 1998
1973 1998 1997
1980 1997 1999
1980 1999 1979
1997 1998 2000
1997 2000 1999
1983 1984 2001
1984 2002 2001
1984 1953 2002
1953 1977 2002
2001 2002 2003
2002 2004 2003
2002 1977 2004
1977 1979 2004
1987 1988 2005
1988 2006 2005
1988 1959 2006
1959 1981 2006
2005 2006 2007
2006 2008 2007
2006 1981 2008
1981 1983 2008
1991 1992 2009
1992 2010 2009
1992 1963 2010
1963 1986 2010
2009 2010 2011
2010 2012 2011
2010 1986 2012
1986 1987 2012
2000 1998 2013
1998 2014 2013
1998 1975 2014
1975 1995 2014
2013 2014 2015
2014 2016 2015
2014 1995 2016
1995 1996 2016
2003 2004 2017
2004 2018 2017
2004 1979 2018
1979 1999 2018
2017 2018 2019
2018 2020 2019
2018 1999 2020
1999 2000 2020
2007 2008 2021
2008 2022 2021
2008 1983 2022
1983 2001 2022
2021 2022 2023
2022 2024 2023
2022 2001 2024
2001 2003 2024
2011 2012 2025
2012 2026 2025
2012 1987 2026
1987 2005 2026
2025 2026 2027
2026 2028 2027
2026 2005 2028
2005 2007 2028
2019 2020 2029
2020 2030 2029
2020 2000 2030
2000 2013 2030
2029 2030 2031
2030 2032 2031
2030 2013 2032
2013 2015 2032
2023 2024 2033
2024 2034 2033
2024 2003 2034
2003 2017 2034
2033 2034 2035
2034 2036 2035
2034 2017 2036
2017 2019 2036
2027 2028 2037
2028 2038 2037
2028 2007 2038
2007 2021 2038
2037 2038 2039
2038 2040 2039
2038 2021 2040
2021 2023 2040
2035 2036 2041
2036 2042 2041
2036 2019 2042
2019 2029 2042
2041 2042 2043
2042 2044 2043
2042 2029 2044
2029 2031 2044
2039 2040 2045
2040 2046 2045
2040 2023 2046
2023 2033 2046
2045 2046 2047
2046 2048 2047
2046 2033 2048
2033 2035 2048
2047 2048 2049
2048 2050 2049
2048 2035 2050
2035 2041 2050
2049 2050 2051
2050 2052 2051
2050 2041 2052
2041 2043 2052
1347 1589 1348
1589 2053 1348
1589 1591 2053
1591 2054 2053
1348 2053 1351
2053 2055 1351
2053 2054 2055
2054 2056 2055
1351 2055 1379
2055 2057 1379
2055 2056 2057
2056 2058 2057
1379 2057 1381
2057 2059 1381
2057 2058 2059
2058 2060 2059
1591 1621 2054
1621 2061 2054
1621 1623 2061
1623 2062 2061
2054 2061 2056
2061 2063 2056
2061 2062 2063
2062 2064 2063
1381 2059 1405
2059 2065 1405
2059 2060 2065
2060 2066 2065
1405 2065 1407
2065 2067 1407
2065 2066 2067
2066 2068 2067
2056 2063 2058
2063 2069 2058
2063 2064 2069
2064 2070 2069
2058 2069 2060
2069 2071 2060
2069 2070 2071
2070 2072 2071
1623 1657 2062
1657 2073 2062
1657 1659 2073
1659 2074 2073
2062 2073 2064
2073 2075 2064
2073 2074 2075
2074 2076 2075
1407 2067 1427
2067 2077 1427
2067 2068 2077
2068 2078 2077
1427 2077 1429
2077 2079 1429
2077 2078 2079
2078 2080 2079
2060 2071 2066
2071 2081 2066
2071 2072 2081
2072 2082 2081
2066 2081 2068
2081 2083 2068
2081 2082 2083
2082 2084 2083
2064 2075 2070
2075 2085 2070
2075 2076 2085
2076 2086 2085
2070 2085 2072
2085 2087 2072
2085 2086 2087
2086 2088 2087
1659 1693 2074
1693 2089 2074
1693 1695 2089
1695 2090 2089
2074 2089 2076
2089 2091 2076
2089 2090 2091
2090 2092 2091
1445 1447 2093
1445 2093 2094
1447 1429 2079
1447 2079 2093
2094 2093 2095
2094 2095 2096
2093 2079 2080
2093 2080 2095
2068 2083 2078
2083 2097 2078
2083 2084 2097
2084 2098 2097
2078 2097 2080
2097 2099 2080
2097 2098 2099
2098 2100 2099
2072 2087 2082
2087 2101 2082
2087 2088 2101
2088 2102 2101
2082 2101 2084
2101 2103 2084
2101 2102 2103
2102 2104 2103
2076 2091 2086
2091 2105 2086
2091 2092 2105
2092 2106 2105
2086 2105 2088
2105 2107 2088
2105 2106 2107
2106 2108 2107
1695 1729 2090
1729 2109 2090
1729 1731 2109
1731 2110 2109
2090 2109 2092
2109 2111 2092
2109 2110 2111
2110 2112 2111
1459 1461 2113
1459 2113 2114
1461 1445 2094
1461 2094 2113
2114 2113 2115
2114 2115 2116
2113 2094 2096
2113 2096 2115
2096 2095 2117
2096 2117 2118
2095 2080 2099
2095 2099 2117
2118 2117 2119
2118 2119 2120
2117 2099 2100
2117 2100 2119
2084 2103 2098
2103 2121 2098
2103 2104 2121
2104 2122 2121
2098 2121 2100
2121 2123 2100
2121 2122 2123
2122 2124 2123
2088 2107 2102
2107 2125 2102
2107 2108 2125
2108 2126 2125
2102 2125 2104
2125 2127 2104
2125 2126 2127
2126 2128 2127
2092 2111 2106
2111 2129 2106
2111 2112 2129
2112 2130 2129
2106 2129 2108
2129 2131 2108
2129 2130 2131
2130 2132 2131
1731 1765 2110
1765 2133 2110
1765 1767 2133
1767 2134 2133
2110 2133 2112
2133 2135 2112
2133 2134 2135
2134 2136 2135
1469 1471 2137
1469 2137 2138
1471 1459 2114
1471 2114 2137
2138 2137 2139
2138 2139 2140
2137 2114 2116
2137 2116 2139
2116 2115 2141
2116 2141 2142
2115 2096 2118
2115 2118 2141
2142 2141 2143
2142 2143 2144
2141 2118 2120
2141 2120 2143
2120 2119 2145
2120 2145 2146
2119 2100 2123
2119 2123 2145
2146 2145 2147
2146 2147 2148
2145 2123 2124
2145 2124 2147
2104 2127 2122
2127 2149 2122
2127 2128 2149
2128 2150 2149
2122 2149 2124
2149 2151 2124
2149 2150 2151
2150 2152 2151
2108 2131 2126
2131 2153 2126
2131 2132 2153
2132 2154 2153
2126 2153 2128
2153 2155 2128
2153 2154 2155
2154 2156 2155
2112 2135 2130
2135 2157 2130
2135 2136 2157
2136 2158 2157
2130 2157 2132
2157 2159 2132
2157 2158 2159
2158 2160 2159
1767 1801 2134
1801 2161 2134
1801 1803 2161
1803 2162 2161
2134 2161 2136
2161 2163 2136
2161 2162 2163
2162 2164 2163
755 1475 2165
755 2165 756
1475 1469 2138
1475 2138 2165
756 2165 2166
756 2166 759
2165 2138 2140
2165 2140 2166
2140 2139 2167
2140 2167 2168
2139 2116 2142
2139 2142 2167
2168 2167 2169
2168 2169 2170
2167 2142 2144
2167 2144 2169
2144 2143 2171
2144 2171 2172
2143 2120 2146
2143 2146 2171
2172 2171 2173
2172 2173 2174
2171 2146 2148
2171 2148 2173
2148 2147 2175
2148 2175 2176
2147 2124 2151
2147 2151 2175
2176 2175 2177
2176 2177 2178
2175 2151 2152
2175 2152 2177
2128 2155 2150
2155 2179 2150
2155 2156 2179
2156 2180 2179
2150 2179 2152
2179 2181 2152
2179 2180 2181
2180 2182 2181
2132 2159 2154
2159 2183 2154
2159 2160 2183
2160 2184 2183
2154 2183 2156
2183 2185 2156
2183 2184 2185
2184 2186 2185
2136 2163 2158
2163 2187 2158
2163 2164 2187
2164 2188 2187
2158 2187 2160
2187 2189 2160
2187 2188 2189
2188 2190 2189
1803 1837 2162
1837 2191 2162
1837 1839 2191
1839 2192 2191
2162 2191 2164
2191 2193 2164
2191 2192 2193
2192 2194 2193
759 2166 2195
759 2195 789
2166 2140 2168
2166 2168 2195
789 2195 2196
789 2196 791
2195 2168 2170
2195 2170 2196
2170 2169 2197
2170 2197 2198
2169 2144 2172
2169 2172 2197
2198 2197 2199
2198 2199 2200
2197 2172 2174
2197 2174 2199
2174 2173 2201
2174 2201 2202
2173 2148 2176
2173 2176 2201
2202 2201 2203
2202 2203 2204
2201 2176 2178
2201 2178 2203
2178 2177 2205
2178 2205 2206
2177 2152 2181
2177 2181 2205
2206 2205 2207
2206 2207 2208
2205 2181 2182
2205 2182 2207
2156 2185 2180
2185 2209 2180
2185 2186 2209
2186 2210 2209
2180 2209 2182
2209 2211 2182
2209 2210 2211
2210 2212 2211
2160 2189 2184
2189 2213 2184
2189 2190 2213
2190 2214 2213
2184 2213 2186
2213 2215 2186
2213 2214 2215
2214 2216 2215
2164 2193 2188
2193 2217 2188
2193 2194 2217
2194 2218 2217
2188 2217 2190
2217 2219 2190
2217 2218 2219
2218 2220 2219
1839 1873 2192
1873 2221 2192
1873 1875 2221
1875 2222 2221
2192 2221 2194
2221 2223 2194
2221 2222 2223
2222 2224 2223
1875 1905 2222
1905 2225 2222
1905 1907 2225
1907 2226 2225
2222 2225 2224
2225 2227 2224
2225 2226 2227
2226 2228 2227
791 2196 2229
791 2229 821
2196 2170 2198
2196 2198 2229
821 2229 2230
821 2230 823
2229 2198 2200
2229 2200 2230
2200 2199 2231
2200 2231 2232
2199 2174 2202
2199 2202 2231
2232 2231 2233
2232 2233 2234
2231 2202 2204
2231 2204 2233
2204 2203 2235
2204 2235 2236
2203 2178 2206
2203 2206 2235
2236 2235 2237
2236 2237 2238
2235 2206 2208
2235 2208 2237
2208 2207 2239
2208 2239 2240
2207 2182 2211
2207 2211 2239
2240 2239 2241
2240 2241 2242
2239 2211 2212
2239 2212 2241
2186 2215 2210
2215 2243 2210
2215 2216 2243
2216 2244 2243
2210 2243 2212
2243 2245 2212
2243 2244 2245
2244 2246 2245
2190 2219 2214
2219 2247 2214
2219 2220 2247
2220 2248 2247
2214 2247 2216
2247 2249 2216
2247 2248 2249
2248 2250 2249
2194 2223 2218
2223 2251 2218
2223 2224 2251
2224 2252 2251
2218 2251 2220
2251 2253 2220
2251 2252 2253
2252 2254 2253
1907 1937 2226
1937 2255 2226
1937 1939 2255
1939 2256 2255
2226 2255 2228
2255 2257 2228
2255 2256 2257
2256 2258 2257
2224 2227 2252
2227 2259 2252
2227 2228 2259
2228 2260 2259
2252 2259 2254
2259 2261 2254
2259 2260 2261
2260 2262 2261
823 2230 2263
823 2263 853
2230 2200 2232
2230 2232 2263
853 2263 2264
853 2264 855
2263 2232 2234
2263 2234 2264
2234 2233 2265
2234 2265 2266
2233 2204 2236
2233 2236 2265
2266 2265 2267
2266 2267 2268
2265 2236 2238
2265 2238 2267
2238 2237 2269
2238 2269 2270
2237 2208 2240
2237 2240 2269
2270 2269 2271
2270 2271 2272
2269 2240 2242
2269 2242 2271
2242 2241 2273
2242 2273 2274
2241 2212 2245
2241 2245 2273
2274 2273 2275
2274 2275 2276
2273 2245 2246
2273 2246 2275
2216 2249 2244
2249 2277 2244
2249 2250 2277
2250 2278 2277
2244 2277 2246
2277 2279 2246
2277 2278 2279
2278 2280 2279
2220 2253 2248
2253 2281 2248
2253 2254 2281
2254 2282 2281
2248 2281 2250
2281 2283 2250
2281 2282 2283
2282 2284 2283
1939 1965 2256
1965 2285 2256
1965 1967 2285
1967 2286 2285
2256 2285 2258
2285 2287 2258
2285 2286 2287
2286 2288 2287
2228 2257 2260
2257 2289 2260
2257 2258 2289
2258 2290 2289
2260 2289 2262
2289 2291 2262
2289 2290 2291
2290 2292 2291
2254 2261 2282
2261 2293 2282
2261 2262 2293
2262 2294 2293
2282 2293 2284
2293 2295 2284
2293 2294 2295
2294 2296 2295
855 2264 2297
855 2297 885
2264 2234 2266
2264 2266 2297
885 2297 2298
885 2298 887
2297 2266 2268
2297 2268 2298
2268 2267 2299
2268 2299 2300
2267 2238 2270
2267 2270 2299
2300 2299 2301
2300 2301 2302
2299 2270 2272
2299 2272 2301
2272 2271 2303
2272 2303 2304
2271 2242 2274
2271 2274 2303
2304 2303 2305
2304 2305 2306
2303 2274 2276
2303 2276 2305
2276 2275 2307
2276 2307 2308
2275 2246 2279
2275 2279 2307
2308 2307 2309
2308 2309 2310
2307 2279 2280
2307 2280 2309
2250 2283 2278
2283 2311 2278
2283 2284 2311
2284 2312 2311
2278 2311 2280
2311 2313 2280
2311 2312 2313
2312 2314 2313
1967 1989 2286
1989 2315 2286
1989 1991 2315
1991 2316 2315
2286 2315 2288
2315 2317 2288
2315 2316 2317
2316 2318 2317
2258 2287 2290
2287 2319 2290
2287 2288 2319
2288 2320 2319
2290 2319 2292
2319 2321 2292
2319 2320 2321
2320 2322 2321
2262 2291 2294
2291 2323 2294
2291 2292 2323
2292 2324 2323
2294 2323 2296
2323 2325 2296
2323 2324 2325
2324 2326 2325
2284 2295 2312
2295 2327 2312
2295 2296 2327
2296 2328 2327
2312 2327 2314
2327 2329 2314
2327 2328 2329
2328 2330 2329
887 2298 2331
887 2331 917
2298 2268 2300
2298 2300 2331
917 2331 2332
917 2332 919
2331 2300 2302
2331 2302 2332
2302 2301 2333
2302 2333 2334
2301 2272 2304
2301 2304 2333
2334 2333 2335
2334 2335 2336
2333 2304 2306
2333 2306 2335
2306 2305 2337
2306 2337 2338
2305 2276 2308
2305 2308 2337
2338 2337 2339
2338 2339 2340
2337 2308 2310
2337 2310 2339
2310 2309 2341
2310 2341 2342
2309 2280 2313
2309 2313 2341
2342 2341 2343
2342 2343 2344
2341 2313 2314
2341 2314 2343
1991 2009 2316
2009 2345 2316
2009 2011 2345
2011 2346 2345
2316 2345 2318
2345 2347 2318
2345 2346 2347
2346 2348 2347
2288 2317 2320
2317 2349 2320
2317 2318 2349
2318 2350 2349
2320 2349 2322
2349 2351 2322
2349 2350 2351
2350 2352 2351
2292 2321 2324
2321 2353 2324
2321 2322 2353
2322 2354 2353
2324 2353 2326
2353 2355 2326
2353 2354 2355
2354 2356 2355
2296 2325 2328
2325 2357 2328
2325 2326 2357
2326 2358 2357
2328 2357 2330
2357 2359 2330
2357 2358 2359
2358 2360 2359
2344 2343 2361
2344 2361 2362
2343 2314 2329
2343 2329 2361
2362 2361 2363
2362 2363 2364
2361 2329 2330
2361 2330 2363
919 2332 2365
919 2365 949
2332 2302 2334
2332 2334 2365
949 2365 2366
949 2366 951
2365 2334 2336
2365 2336 2366
2336 2335 2367
2336 2367 2368
2335 2306 2338
2335 2338 2367
2368 2367 2369
2368 2369 2370
2367 2338 2340
2367 2340 2369
2340 2339 2371
2340 2371 2372
2339 2310 2342
2339 2342 2371
2372 2371 2373
2372 2373 2374
2371 2342 2344
2371 2344 2373
2011 2025 2346
2025 2375 2346
2025 2027 2375
2027 2376 2375
2346 2375 2348
2375 2377 2348
2375 2376 2377
2376 2378 2377
2318 2347 2379
2318 2379 2350
2347 2348 2379
2348 2380 2379
2350 2379 2381
2350 2381 2352
2379 2380 2381
2380 2382 2381
2322 2351 2354
2351 2383 2354
2351 2352 2383
2352 2384 2383
2354 2383 2356
2383 2385 2356
2383 2384 2385
2384 2386 2385
2326 2355 2358
2355 2387 2358
2355 2356 2387
2356 2388 2387
2358 2387 2360
2387 2389 2360
2387 2388 2389
2388 2390 2389
2364 2363 2391
2364 2391 2392
2363 2330 2359
2363 2359 2391
2392 2391 2393
2392 2393 2394
2391 2359 2360
2391 2360 2393
2374 2373 2395
2374 2395 2396
2373 2344 2362
2373 2362 2395
2396 2395 2397
2396 2397 2398
2395 2362 2364
2395 2364 2397
951 2366 2399
951 2399 981
2366 2336 2368
2366 2368 2399
981 2399 2400
981 2400 983
2399 2368 2370
2399 2370 2400
2370 2369 2401
2370 2401 2402
2369 2340 2372
2369 2372 2401
2402 2401 2403
2402 2403 2404
2401 2372 2374
2401 2374 2403
2027 2037 2376
2037 2405 2376
2037 2039 2405
2039 2406 2405
2376 2405 2378
2405 2407 2378
2405 2406 2407
2406 2408 2407
2348 2377 2380
2377 2409 2380
2377 2378 2409
2378 2410 2409
2380 2409 2382
2409 2411 2382
2409 2410 2411
2410 2412 2411
2413 2414 2415
2414 2416 2415
2414 2386 2384
2414 2384 2416
2415 2416 2382
2416 2381 2382
2416 2384 2352
2416 2352 2381
2417 2418 2419
2418 2420 2419
2418 2390 2420
2390 2388 2420
2419 2420 2386
2420 2385 2386
2420 2388 2385
2388 2356 2385
2394 2393 2421
2394 2421 2422
2393 2360 2389
2393 2389 2421
2422 2421 2423
2422 2423 2424
2421 2389 2390
2421 2390 2423
2398 2397 2425
2398 2425 2426
2397 2364 2392
2397 2392 2425
2426 2425 2427
2426 2427 2428
2425 2392 2394
2425 2394 2427
2404 2403 2429
2404 2429 2430
2403 2374 2396
2403 2396 2429
2430 2429 2431
2430 2431 2432
2429 2396 2398
2429 2398 2431
983 2400 2433
983 2433 1013
2400 2370 2402
2400 2402 2433
1013 2433 2434
1013 2434 1015
2433 2402 2404
2433 2404 2434
2039 2045 2406
2045 2435 2406
2045 2047 2435
2047 2436 2435
2406 2435 2408
2435 2437 2408
2435 2436 2437
2436 2438 2437
2378 2407 2410
2407 2439 2410
2407 2408 2439
2408 2440 2439
2410 2439 2412
2439 2441 2412
2439 2440 2441
2440 2442 2441
2382 2411 2415
2411 2443 2415
2411 2412 2443
2412 2444 2443
2415 2443 2413
2443 2445 2413
2443 2444 2445
2444 2446 2445
2413 2447 2448
2413 2448 2414
2447 2449 2450
2447 2450 2448
2414 2448 2386
2448 2419 2386
2448 2450 2417
2448 2417 2419
2417 2451 2452
2417 2452 2418
2451 2453 2454
2451 2454 2452
2418 2452 2423
2418 2423 2390
2452 2454 2424
2452 2424 2423
2428 2427 2455
2428 2455 2456
2427 2394 2422
2427 2422 2455
2456 2455 2457
2456 2457 2458
2455 2422 2424
2455 2424 2457
2432 2431 2459
2432 2459 2460
2431 2398 2426
2431 2426 2459
2460 2459 2461
2460 2461 2462
2459 2426 2428
2459 2428 2461
1015 2434 2463
1015 2463 1045
2434 2404 2430
2434 2430 2463
1045 2463 2464
1045 2464 1047
2463 2430 2432
2463 2432 2464
2047 2049 2436
2049 2465 2436
2049 2051 2465
2051 2466 2465
2436 2465 2438
2465 2467 2438
2465 2466 2467
2466 2468 2467
2408 2437 2440
2437 2469 2440
2437 2438 2469
2438 2470 2469
2440 2469 2442
2469 2471 2442
2469 2470 2471
2470 2472 2471
2412 2441 2444
2441 2473 2444
2441 2442 2473
2442 2474 2473
2444 2473 2446
2473 2475 2446
2473 2474 2475
2474 2476 2475
2446 2477 2478
2446 2478 2445
2477 2479 2480
2477 2480 2478
2445 2478 2447
2445 2447 2413
2478 2480 2449
2478 2449 2447
2481 2482 2483
2482 2484 2483
2482 2453 2484
2453 2451 2484
2483 2484 2449
2484 2450 2449
2484 2451 2450
2451 2417 2450
2458 2457 2485
2458 2485 2486
2457 2424 2454
2457 2454 2485
2486 2485 2487
2486 2487 2488
2485 2454 2453
2485 2453 2487
2462 2461 2489
2462 2489 2490
2461 2428 2456
2461 2456 2489
2490 2489 2491
2490 2491 2492
2489 2456 2458
2489 2458 2491
1047 2464 2493
1047 2493 1077
2464 2432 2460
2464 2460 2493
1077 2493 2494
1077 2494 1079
2493 2460 2462
2493 2462 2494
2438 2467 2470
2467 2495 2470
2467 2468 2495
2468 2496 2495
2470 2495 2472
2495 2497 2472
2495 2496 2497
2496 2498 2497
2442 2471 2474
2471 2499 2474
2471 2472 2499
2472 2500 2499
2474 2499 2476
2499 2501 2476
2499 2500 2501
2500 2502 2501
2446 2475 2477
2475 2503 2477
2475 2476 2503
2476 2504 2503
2477 2503 2479
2503 2505 2479
2503 2504 2505
2504 2506 2505
2507 2508 2509
2508 2510 2509
2508 2481 2510
2481 2483 2510
2509 2510 2479
2510 2480 2479
2510 2483 2480
2483 2449 2480
2481 2511 2512
2481 2512 2482
2511 2513 2514
2511 2514 2512
2482 2512 2487
2482 2487 2453
2512 2514 2488
2512 2488 2487
2492 2491 2515
2492 2515 2516
2491 2458 2486
2491 2486 2515
2516 2515 2517
2516 2517 2518
2515 2486 2488
2515 2488 2517
1079 2494 2519
1079 2519 1109
2494 2462 2490
2494 2490 2519
1109 2519 2520
1109 2520 1111
2519 2490 2492
2519 2492 2520
2472 2497 2500
2497 2521 2500
2497 2498 2521
2498 2522 2521
2500 2521 2502
2521 2523 2502
2521 2522 2523
2522 2524 2523
2506 2504 2525
2506 2525 2526
2504 2476 2501
2504 2501 2525
2526 2525 2527
2526 2527 2528
2525 2501 2502
2525 2502 2527
2507 2509 2529
2507 2529 2530
2509 2479 2505
2509 2505 2529
2530 2529 2531
2530 2531 2532
2529 2505 2506
2529 2506 2531
2513 2511 2533
2513 2533 2534
2511 2481 2508
2511 2508 2533
2534 2533 2535
2534 2535 2536
2533 2508 2507
2533 2507 2535
2518 2517 2537
2518 2537 2538
2517 2488 2514
2517 2514 2537
2538 2537 2539
2538 2539 2540
2537 2514 2513
2537 2513 2539
1111 2520 2541
1111 2541 1137
2520 2492 2516
2520 2516 2541
1137 2541 2542
1137 2542 1139
2541 2516 2518
2541 2518 2542
2502 2523 2527
2523 2543 2527
2523 2524 2543
2524 2544 2543
2527 2543 2528
2543 2545 2528
2543 2544 2545
2544 2546 2545
2506 2526 2531
2526 2547 2531
2526 2528 2547
2528 2548 2547
2531 2547 2532
2547 2549 2532
2547 2548 2549
2548 2550 2549
2536 2535 2551
2536 2551 2552
2535 2507 2530
2535 2530 2551
2552 2551 2553
2552 2553 2554
2551 2530 2532
2551 2532 2553
2540 2539 2555
2540 2555 2556
2539 2513 2534
2539 2534 2555
2556 2555 2557
2556 2557 2558
2555 2534 2536
2555 2536 2557
1139 2542 2559
1139 2559 1161
2542 2518 2538
2542 2538 2559
1161 2559 2560
1161 2560 1163
2559 2538 2540
2559 2540 2560
2550 2548 2561
2550 2561 2562
2548 2528 2545
2548 2545 2561
2562 2561 2563
2562 2563 2564
2561 2545 2546
2561 2546 2563
2554 2553 2565
2554 2565 2566
2553 2532 2549
2553 2549 2565
2566 2565 2567
2566 2567 2568
2565 2549 2550
2565 2550 2567
2558 2557 2569
2558 2569 2570
2557 2536 2552
2557 2552 2569
2570 2569 2571
2570 2571 2572
2569 2552 2554
2569 2554 2571
1163 2560 2573
1163 2573 1181
2560 2540 2556
2560 2556 2573
1181 2573 2574
1181 2574 1183
2573 2556 2558
2573 2558 2574
2568 2567 2575
2568 2575 2576
2567 2550 2562
2567 2562 2575
2576 2575 2577
2576 2577 2578
2575 2562 2564
2575 2564 2577
2572 2571 2579
2572 2579 2580
2571 2554 2566
2571 2566 2579
2580 2579 2581
2580 2581 2582
2579 2566 2568
2579 2568 2581
1183 2574 2583
1183 2583 1197
2574 2558 2570
2574 2570 2583
1197 2583 2584
1197 2584 1199
2583 2570 2572
2583 2572 2584
2582 2581 2585
2582 2585 2586
2581 2568 2576
2581 2576 2585
2586 2585 2587
2586 2587 2588
2585 2576 2578
2585 2578 2587
1199 2584 2589
1199 2589 1209
2584 2572 2580
2584 2580 2589
1209 2589 2590
1209 2590 1211
2589 2580 2582
2589 2582 2590
1211 2590 2591
1211 2591 1217
2590 2582 2586
2590 2586 2591
1217 2591 2592
1217 2592 1219
2591 2586 2588
2591 2588 2592